0 0.56269113125 0.623217921875 0.555045871875 0.572301425 0.53363914375 0.5234215890625 0.5168195718749999 0.5112016296874999 0.4908256875 0.5112016296874999 0.478593271875 0.521384928125 0.45718654374999995 0.570264765625 0.454128440625 0.647657840625 0.4678899078125 0.69450101875 0.4984709484375 0.7148676171874999 0.5366972484375 0.7006109984375 0.555045871875 0.6720977593749999 0.56269113125 0.623217921875
0 0.6498470953125 0.5661914453125 0.655963303125 0.5356415484375 0.6529051984375001 0.492871690625 0.642201834375 0.4663951125 0.6116207953125 0.42566191406250004 0.593272171875 0.4134419546875 0.574923546875 0.4134419546875 0.56269113125 0.395112015625 0.5443425078125 0.40325865624999996 0.5351681953125 0.41751527499999996 0.5321100921874999 0.4663951125 0.5474006109375 0.5478615078125 0.5902140671875 0.5987780046875 0.6070336390625 0.6028513234374999 0.6314984703125 0.594704684375 0.6498470953125 0.5661914453125
2 0.3639143734375 0.3686354375 0.382262996875 0.34419551875 0.3929663609375 0.3116089609375 0.39449541250000003 0.2708757640625 0.382262996875 0.2118126265625 0.3746177375 0.1934826890625 0.353211009375 0.1710794296875 0.3363914375 0.1710794296875 0.319571865625 0.1975560078125 0.2966360859375 0.21588594687499998 0.2844036703125 0.2342158859375 0.27828746249999997 0.264765784375 0.276758409375 0.2973523421875 0.28593272187499996 0.3462321796875 0.30122324218749996 0.3706720984375 0.3180428140625 0.38289205625 0.34097859375 0.38289205625 0.3639143734375 0.3686354375
0 0.22477064218749998 0.556008146875 0.23088685 0.541751528125 0.25840978593749997 0.5193482687500001 0.27064220156249996 0.492871690625 0.276758409375 0.443991853125 0.27370030624999997 0.38696537656249996 0.261467890625 0.342158859375 0.24770642187499997 0.327902240625 0.22171253750000003 0.3238289203125 0.19724770625000002 0.3380855390625 0.16819571875 0.38085539687500003 0.151376146875 0.429735234375 0.151376146875 0.4847250515625 0.1529051984375 0.49490835000000005 0.15902140625 0.49490835000000005 0.15902140625 0.5152749484375 0.19266054999999999 0.5539714874999999 0.22477064218749998 0.556008146875
0 0.13914373124999999 0.45010183281250005 0.1483180421875 0.42158859531250004 0.1529051984375 0.3217922609375 0.1483180421875 0.24847250468749998 0.11773700312499999 0.24032586562499997 0.09174311874999999 0.2566191453125 0.04281345625 0.356415478125 0.04281345625 0.43788187343749996 0.053516820312500005 0.4643584515625 0.0642201828125 0.478615071875 0.084097859375 0.4867617109375 0.1207951078125 0.4745417515625 0.13914373124999999 0.45010183281250005
2 0.0703363921875 0.7902240328125 0.0642201828125 0.7780040734375 0.0703363921875 0.7780040734375 0.0642201828125 0.7718940937500001 0.0688073390625 0.754921928125 0.06269113125 0.757637475 0.0611620796875 0.7515274953125 0.0688073390625 0.7433808546875 0.0657492359375 0.7393075359375 0.058103974999999995 0.749490834375 0.0565749234375 0.7393075359375 0.053516820312500005 0.7617107937500001 0.03363914375 0.757637475 0.0030581046875 0.8085539718750001 0 0.9429735234375001 0.0183486234375 0.9572301421875 0.041284403125 0.9572301421875 0.0565749234375 0.9327902234375 0.0657492359375 0.9002036656250001 0.0703363921875 0.7902240328125
2 0.8960244640624999 0.5498981671875 0.8883792046875 0.50509165 0.873088684375 0.4867617109375 0.8547400609375 0.48065173124999994 0.80733945 0.5621181265625 0.79357798125 0.570264765625 0.7828746171875001 0.5906313640625 0.7828746171875001 0.6313645625000001 0.805810396875 0.6761710796875 0.857798165625 0.6619144609375 0.882262996875 0.6252545828125 0.8929663609375 0.594704684375 0.8960244640624999 0.5498981671875
2 0.8608562687499999 0.6537678203125 0.839449540625 0.6720977593749999 0.80733945 0.6741344203125 0.7874617734375 0.63543788125 0.776758409375 0.6293279015625 0.776758409375 0.7046843171875 0.7889908250000001 0.735234215625 0.8012232421875 0.745417515625 0.8165137609374999 0.745417515625 0.8532110093749999 0.706720978125 0.8608562687499999 0.6537678203125
2 0.7782874625 0.64562118125 0.772171253125 0.6252545828125 0.75535168125 0.6150712828125 0.718654434375 0.6395112015625 0.68807339375 0.6924643578125 0.68807339375 0.747454175 0.7003058109375 0.7678207734375 0.73088685 0.7739307531249999 0.75535168125 0.759674134375 0.7752293578125 0.731160896875 0.7782874625 0.64562118125
4 0.512232415625 0.21588594687499998 0.5091743125 0.1975560078125 0.5015290515624999 0.19551934843750002 0.507645259375 0.478615071875 0.5 0.5112016296874999 0.507645259375 0.5152749484375 0.5198776765625001 0.50509165 0.5198776765625001 0.478615071875 0.512232415625 0.21588594687499998
4 0.5856269109375 0.24032586562499997 0.5733944953125001 0.24032586562499997 0.5779816515625 0.3747454171875 0.5642201828125 0.40733197499999996 0.5825688078125 0.415478615625 0.5948012234375 0.39714867656249997 0.5948012234375 0.3849287171875 0.5856269109375 0.24032586562499997
4 0.1162079515625 0.2443991859375 0.11773700312499999 0.2362525453125 0.10091743125 0.1446028515625 0.08715596406250001 0.1323828921875 0.0902140671875 0.18126272968749998 0.0856269109375 0.18940936875 0.09174311874999999 0.1975560078125 0.093272171875 0.2464358453125 0.10091743125 0.252545825 0.1162079515625 0.2443991859375
4 0.20795107031249999 0.23828920625 0.20489296562499998 0.24847250468749998 0.2033639140625 0.331975559375 0.20948012187499998 0.331975559375 0.22629969375 0.32586557968749996 0.227828746875 0.317718940625 0.218654434375 0.24236252500000002 0.20795107031249999 0.23828920625
4 0.0366972484375 0.5784114046875 0.04281345625 0.5437881875 0.038226300000000005 0.5030549890625 0.0275229359375 0.5539714874999999 0.02446483125 0.6150712828125 0.0275229359375 0.7291242359375001 0.03363914375 0.7515274953125 0.0489296640625 0.757637475 0.0565749234375 0.7433808546875 0.038226300000000005 0.69450101875 0.0366972484375 0.5784114046875
3 0.19877675781249998 0 0.2003058109375 0.065173115625 0.2125382265625 0.06313645625 0.211009175 0 0.19877675781249998 0
3 0.8180428140625 0.26883910312500003 0.8318042812499999 0.27698574374999996 0.8318042812499999 0.1303462328125 0.827217125 0.124236253125 0.819571865625 0.128309571875 0.8180428140625 0.26883910312500003
4 0.7415902140624999 0.582484725 0.7370030578125 0.5437881875 0.7293577984375 0.5397148671875 0.7293577984375 0.59674134375 0.7339449546875 0.61710794375 0.7431192656250001 0.6211812625 0.752293578125 0.61710794375 0.752293578125 0.604887984375 0.7415902140624999 0.582484725
1 0.1192660546875 1 0.134556575 0.98574338125 0.1207951078125 0.8676171078125 0.1207951078125 0.8146639515625 0.0948012234375 0.72301425625 0.079510703125 0.696537678125 0.0703363921875 0.706720978125 0.07186544375000001 0.8431771890625 0.0657492359375 0.8818737265625 0.074923546875 0.910386965625 0.07645260000000001 0.9551934828125 0.09633027499999999 0.9877800406249999 0.1192660546875 1
1 0.155963303125 0.7046843171875 0.155963303125 0.6761710796875 0.10244648281249999 0.5519348265625 0.1039755359375 0.5010183296874999 0.08715596406250001 0.4887983703125 0.0657492359375 0.4867617109375 0.06269113125 0.5254582484375 0.0672782875 0.5539714874999999 0.088685015625 0.623217921875 0.1039755359375 0.6537678203125 0.137614678125 0.69450101875 0.155963303125 0.7046843171875
1 0.45565749218749996 0.8676171078125 0.49694189531250005 0.8737270875 0.5443425078125 0.8513238296875001 0.5443425078125 0.82077393125 0.5290519875 0.7881873734375 0.5290519875 0.7678207734375 0.483180428125 0.706720978125 0.4525993890625 0.6883910390625 0.39908256875000003 0.68431771875 0.3593272171875 0.7169042765625 0.353211009375 0.747454175 0.3669724765625 0.7617107937500001 0.3975535171875 0.7718940937500001 0.41743119218749997 0.798370671875 0.4388379203125 0.8492871687499999 0.45565749218749996 0.8676171078125
1 0.3333333328125 0.13441955156250002 0.348623853125 0.0977596734375 0.2996941890625 0.065173115625 0.23241590156249997 0.0712830953125 0.137614678125 0.065173115625 0.1055045875 0.077393075 0.0779816515625 0.07535641562499999 0.06269113125 0.103869653125 0.0611620796875 0.11608961250000001 0.0703363921875 0.1262729125 0.15443425 0.167006109375 0.2293577984375 0.177189409375 0.29357798125 0.16904277031249998 0.3333333328125 0.13441955156250002
1 0.38379204843750003 0.69450101875 0.3853211015625 0.6802443984375001 0.3685015296875 0.60692464375 0.3516819578125 0.5784114046875 0.344036696875 0.541751528125 0.3180428140625 0.5112016296874999 0.2844036703125 0.4989816703125 0.26452599375 0.5010183296874999 0.24006116249999998 0.541751528125 0.23700305781250003 0.5661914453125 0.27370030624999997 0.6415478609374999 0.34097859375 0.73319755625 0.36085626875 0.73319755625 0.362385321875 0.7169042765625 0.38379204843750003 0.69450101875
1 0.4984709484375 0.4725050921875 0.507645259375 0.42769857499999997 0.507645259375 0.39307535625 0.49694189531250005 0.3462321796875 0.4770642203125 0.34012220000000004 0.44189602499999997 0.356415478125 0.38990825625 0.419551934375 0.35626911250000004 0.50509165 0.353211009375 0.5682281062500001 0.362385321875 0.582484725 0.3746177375 0.63543788125 0.3929663609375 0.63543788125 0.4464831796875 0.584521384375 0.4984709484375 0.4725050921875
1 0.23241590156249997 0.24032586562499997 0.290519878125 0.21792260625 0.3256880734375 0.191446028125 0.3348623859375 0.1731160890625 0.3302752296875 0.1608961296875 0.30733945 0.1608961296875 0.28593272187499996 0.1731160890625 0.2033639140625 0.177189409375 0.1314984703125 0.1588594703125 0.1055045875 0.1588594703125 0.11009174375 0.191446028125 0.12844036718750002 0.22810590625 0.1697247703125 0.252545825 0.2033639140625 0.24032586562499997 0.23241590156249997 0.24032586562499997
1 0.7844036703125 0.584521384375 0.7920489296875 0.5682281062500001 0.80733945 0.5621181265625 0.8455657499999999 0.50509165 0.8593272171875 0.46232179218749997 0.8608562687499999 0.43584521406250004 0.8792048921875001 0.41140529531250003 0.8837920484374999 0.3625254578125 0.873088684375 0.3116089609375 0.8562691125 0.2953156828125 0.8287461781250001 0.289205703125 0.8134556578125001 0.2912423625 0.7798165140625 0.3380855390625 0.7706422015625 0.36456211875 0.7737003062500001 0.41751527499999996 0.7828746171875001 0.4338085546875 0.7798165140625 0.5274949078125 0.7737003062500001 0.556008146875 0.7782874625 0.580448065625 0.7844036703125 0.584521384375
1 0.785932721875 0.2708757640625 0.747706421875 0.264765784375 0.7110091749999999 0.27698574374999996 0.6865443421874999 0.2973523421875 0.6192660546875 0.327902240625 0.6055045875 0.3604887984375 0.6039755359375001 0.37678207812500003 0.61009174375 0.38289205625 0.6712538218749999 0.3849287171875 0.7584097859375001 0.3380855390625 0.7828746171875001 0.303462321875 0.785932721875 0.2708757640625