0 0.30326083125 0.512466096875 0.2902954640625 0.5468448343750001 0.3127857328125 0.58088435625 0.344695721875 0.592348621875 0.39404258125 0.5888023625 0.4419342828125 0.56989933125 0.484745865625 0.5380456859375 0.4928690484375 0.51890830625 0.48702169531250006 0.49358064218750003 0.47434770000000004 0.48395248750000003 0.421905184375 0.47408998281250003 0.3458077640625 0.4885199125 0.30326083125 0.512466096875
0 0.6042367625 0.5214439453125 0.58828176875 0.5157118109375001 0.5399667953125 0.5237276578125 0.46402799687499996 0.5569522328125001 0.42404741875 0.6101221031249999 0.4238620796875 0.6274268875 0.437303309375 0.6494320921875001 0.4692133 0.660896359375 0.5003560515625 0.6599835781250001 0.5413417968750001 0.647382728125 0.5647320484375 0.63099775625 0.597542021875 0.59203753125 0.6053212421875 0.5714102890625 0.6011936984374999 0.5535319375000001 0.6163021484375 0.5374896984374999 0.6042367625 0.5214439453125
2 0.7541048734375 0.2561611328125 0.7310853015625 0.237936534375 0.7104734625 0.2301409734375 0.6793307093750001 0.23105375625 0.6472353796875 0.236894271875 0.6016721015625001 0.25682901875 0.5812981953125 0.27722542968749997 0.5731750140625 0.29636280937500004 0.5783344421875001 0.318710746875 0.5973850921875 0.3378516421875 0.6253261593749999 0.35023220625 0.659485259375 0.3533308640625 0.699518428125 0.34565775 0.7543160875 0.320452534375 0.7704564203125 0.30887988437499997 0.78747001875 0.28298217187499997 0.7836864390625 0.2665936859375 0.7541048734375 0.2561611328125
0 0.60905476875 0.18921515625000002 0.58966015625 0.1685844 0.5414512125 0.1498981375 0.49004058125 0.1445052203125 0.43646014843750003 0.15687523750000001 0.42688180937500003 0.16065584375 0.4282576578125 0.16661529375 0.408413053125 0.17119678124999999 0.378275465625 0.21267858281250002 0.3835142046875 0.24442384375 0.3987812734375 0.247176253125 0.42680165312499996 0.268954140625 0.45535133281249995 0.27491710625 0.50435423125 0.2698809859375 0.5592311984375 0.2540730953125 0.6001376328125 0.232074921875 0.6109331984375 0.2154591171875 0.60905476875 0.18921515625000002
0 0.43429119531250004 0.0569425515625 0.42280770468749995 0.0705786296875 0.4193413671875 0.0917794375 0.439503215625 0.1247872453125 0.46744428281249994 0.137167809375 0.4972904984375 0.1396929 0.5955609453124999 0.121713196875 0.665969634375 0.10075025312500001 0.6670282390625 0.069120409375 0.6453052031250001 0.0474579359375 0.5370598640625001 0.022231628125 0.4576814484375 0.0405575796875 0.43429119531250004 0.0569425515625
2 0 0.166316853125 0.0123683609375 0.1669052921875 0.120561109375 0.14663484531249998 0.13109202343749998 0.1379265 0.132467871875 0.1438859515625 0.13704540468749998 0.1365520546875 0.1546144609375 0.1372037359375 0.150592665625 0.1318551515625 0.1562020859375 0.1289908421875 0.1658597375 0.134607559375 0.1691407328125 0.1307115375 0.1574986234375 0.1255529671875 0.16707696249999998 0.12177236250000001 0.144559975 0.123832275 0.144057390625 0.10354776406249999 0.08756664374999999 0.085204234375 0 0.1033331875 0 0.166316853125
2 0.3971365453125 0.837602365625 0.4227224703125 0.8850506499999999 0.46394614843750004 0.900641771875 0.49612078750000005 0.9041985765625 0.540466840625 0.897099028125 0.5824051609375 0.8795704421874999 0.5968256859375 0.860548478125 0.598651525 0.8412956828124999 0.508610290625 0.8134358984375 0.49757679218749995 0.8018597296875001 0.4753244546875 0.7960121796874999 0.435635246875 0.80517515625 0.3971365453125 0.837602365625
2 0.3320726234375 0.8636084625 0.37803245625000004 0.8906603359374999 0.43134823750000006 0.8861977796874999 0.4086726265625 0.86946304375 0.3994649671875 0.83863408125 0.43269821249999996 0.8105610406249999 0.4362438609375 0.7987575578125 0.362818825 0.8157090625000001 0.3358036125 0.83450019375 0.3286330046875 0.8487098390625001 0.3320726234375 0.8636084625
2 0.3044229265625 0.8072210046875 0.3366768765625 0.8201751343750001 0.4207121390625 0.8039126109374999 0.43918089374999997 0.793371671875 0.44531961718749996 0.774692440625 0.41325100781249996 0.7444335265625 0.3547758 0.7265481453125 0.3011953671875 0.7389181625 0.284102459375 0.7554185515625 0.2850283140625 0.786590246875 0.3044229265625 0.8072210046875
4 0.7795839234375 0.44800714375000006 0.7967561437499999 0.44090408124999997 0.79702079375 0.43299661875 0.5225566421875001 0.50263875 0.4890854671875 0.50251981875 0.48683635625 0.510885428125 0.499510353125 0.520513584375 0.5253083375 0.5145576515625 0.7795839234375 0.44800714375000006
4 0.769528871875 0.513099428125 0.6395863703125 0.5478068359375 0.604739346875 0.541728453125 0.6009290468749999 0.5614394 0.6215408859375 0.5692349609375 0.6334476484375 0.5664860671875 0.7722805671875 0.525018328125 0.769528871875 0.513099428125
4 0.6513378953125 0.055480814062499995 0.66271535625 0.06854684375 0.6709971609375 0.06820411093749999 0.7565142984375 0.031198928124999997 0.7653254046875 0.015041273437499999 0.7183862765625 0.02901656875 0.70941655 0.0263795765625 0.7028545562499999 0.034171621875 0.65557146875 0.04665705625 0.6513378953125 0.055480814062499995
4 0.6786962234375 0.1558751640625 0.596989384375 0.173169403125 0.5983652328125 0.179128853125 0.60810219375 0.19414289375 0.616383996875 0.1938001625 0.6877452609375 0.16790948125 0.6893064484375 0.156564146875 0.6786962234375 0.1558751640625
4 0.1631080421875 0.122688659375 0.2066075484375 0.0938147390625 0.3193778328125 0.066210396875 0.35448950625000003 0.0643813171875 0.3931468296875 0.050748753125000004 0.341127584375 0.0517734359375 0.2809058484375 0.0625381734375 0.1704639890625 0.09117423125 0.150010771875 0.1021733171875 0.14749700937500002 0.1184463890625 0.1631080421875 0.122688659375
3 0.8610019296875 0.12163293906249999 0.9221762421875 0.10594046406249999 0.919424546875 0.0940215625 0.856265775 0.11017218749999999 0.8610019296875 0.12163293906249999
3 0.9397407843750001 0.7343021203125 0.9340520546875 0.72776910625 0.7967803250000001 0.757891509375 0.7919381375000001 0.7731328671875 0.9348192875000001 0.7401461546875 0.9397407843750001 0.7343021203125
4 0.47397532656249997 0.7539532984374999 0.5106481890625 0.740778884375 0.5128973015625 0.7324132734375 0.457332409375 0.745241440625 0.4385196890625 0.754292515625 0.43661454062500005 0.7641479875 0.44264723124999994 0.7721708656249999 0.45455399375 0.7694219734375001 0.47397532656249997 0.7539532984374999
1 0 0.23337943593750002 0.0565023546875 0.2132099609375 0.10809832500000001 0.2012980921875 0.19155169218749998 0.155353734375 0.213910059375 0.134499175 0.2019239859375 0.1278507453125 0.0693091 0.160036575 0.0302285046875 0.1627819515625 0.0045098296874999996 0.178135209375 0 0.1793397765625 0 0.23337943593750002
1 0.28741440625000003 0.12694499374999998 0.26108711875 0.14871585 0.22896506875 0.1906558 0.2231703109375 0.21082489375 0.25095275625 0.20441081093750002 0.3599661765625 0.12431854843750001 0.40992164999999997 0.11435469218750001 0.41804483125 0.0952173109375 0.41521382500000004 0.07390108749999999 0.376821153125 0.07962618906249999 0.3500705921875 0.090509859375 0.28741440625000003 0.12694499374999998
1 0.29770485 0.44313154062500004 0.257010475 0.41172549687500004 0.22586772187499998 0.4126382796875 0.2150721546875 0.42925408281250005 0.21202909062500003 0.46134207656250004 0.190702609375 0.486666221875 0.1459065640625 0.5189780171875 0.1318300015625 0.53948984375 0.13516358906249998 0.5810905765625 0.16765547187500002 0.6222366781249999 0.19742237812500002 0.6153644468749999 0.225734125 0.593135440625 0.24557873125000002 0.5885539515625 0.2947936875 0.5301136140625 0.30577459375 0.4961930265625 0.29770485 0.44313154062500004
1 0.7668746875 0 0.7467238984375 0.0883837515625 0.753655728125 0.1636777578125 0.7760399671875 0.22441938593750002 0.8187188031250001 0.25536728124999997 0.857878709375 0.262019228125 0.878623296875 0.20701324843750002 0.85753559375 0.14283374531249998 0.8421633390625001 0.049087825 0.823033378125 0.020549606249999998 0.8198639171875 0 0.7668746875 0
1 0.4008450453125 0.256115428125 0.3763435984375 0.2586334875 0.31117364687500004 0.31134169375 0.2370072484375 0.3975123375 0.241478753125 0.41688055 0.2576983984375 0.4147052234375 0.284342928125 0.43052365937500003 0.2985781140625 0.42880648125 0.3662351078125 0.39592463906250003 0.390233975 0.3731220671875 0.42423445156249995 0.35742607656250003 0.44815400624999996 0.3252261828125 0.45249360781250003 0.289700315625 0.44603764375 0.2707902515625 0.4008450453125 0.256115428125
1 0.4005002375 0.3723211859375 0.3886727859375 0.384467403125 0.3398285109375 0.40829817031250004 0.343956053125 0.4261765203125 0.405606228125 0.46686798749999997 0.526446253125 0.4923251296875 0.572168153125 0.49118502968750005 0.60590398125 0.4833965 0.6491388375 0.462430040625 0.6506207140625 0.44168738281250003 0.6268339093749999 0.41108573593750003 0.5536209328125 0.3746330234375 0.462706434375 0.3610982984375 0.4005002375 0.3723211859375
1 0.7495023125 0.06420321875 0.7436549609374999 0.0388755578125 0.7129354796875 0.050675526562499996 0.681342734375 0.076800553125 0.6668161796875001 0.12252462500000001 0.6862901031249999 0.15255270781250002 0.692825378125 0.18086009375 0.72772499375 0.23243523281249998 0.7614341015625 0.26074613593749996 0.7813580171875001 0.265561971875 0.79223289375 0.258343490625 0.787073465625 0.23599555468750003 0.7703512375 0.217886371875 0.7478083765625 0.1383500953125 0.7495023125 0.06420321875
1 0.76748928125 0.8211476828125001 0.779581384375 0.8010940046874999 0.7793434515625 0.7729020359375001 0.7739193734375001 0.7584615593749999 0.7207096234375 0.73622200625 0.692847865625 0.733238765625 0.64193981875 0.7481303593749999 0.62812790625 0.7607347234375 0.5361548046875 0.77882984375 0.5069965109375 0.7792844765625 0.484214871875 0.7892518500000001 0.4816217984375 0.796127596875 0.49921729062500003 0.79991171875 0.508610290625 0.8134358984375 0.572774228125 0.8378542937500001 0.6175435546875 0.8416419312500001 0.6436855015625 0.837175859375 0.67162656875 0.8495564234374999 0.7202855046875001 0.843030440625 0.76748928125 0.8211476828125001
1 0.650645740625 0.640979190625 0.7158941578125 0.71536393125 0.7551333734375001 0.7314132015625 0.7875726640625 0.7270625468749999 0.7849269984375 0.6884415374999999 0.7647651515625 0.65543373125 0.7394171578125001 0.63617741875 0.6945159296875001 0.5774957015625 0.6596689062500001 0.5714173203125 0.6434492609375 0.5735926484375 0.638871728125 0.58092654375 0.650645740625 0.640979190625