0 0.42815255468749996 0.6835746406250001 0.453830871875 0.7098543359375 0.494185953125 0.7038569531250001 0.5180618515625001 0.6797816906249999 0.5357027328124999 0.633559534375 0.5388106765625 0.5821661453125 0.528034425 0.5299037421875 0.5141230734375 0.5144538328125 0.48869721874999994 0.5090494 0.47461488437500005 0.5164669078124999 0.44351325468749997 0.55982789375 0.424431053125 0.6348939296875 0.42815255468749996 0.6835746406250001
0 0.5634871734375 0.4145920125 0.551549225 0.42662964375 0.538395259375 0.47380552343750004 0.5364138265625 0.5566707609375 0.567705571875 0.615376028125 0.5833107046875 0.6228573203125001 0.6089347015625 0.6199752296875001 0.6328106015625 0.5958999656249999 0.6451448359375 0.5672892890625 0.6510459125 0.5248182390625 0.6460812328125 0.496694884375 0.6246373703125 0.45049364843750006 0.60923038125 0.43472583125 0.5912827171874999 0.43091093750000004 0.5831286171875 0.41043828906249996 0.5634871734375 0.4145920125
2 0.3863962953125 0.166652015625 0.3601507078125 0.1798127859375 0.3443745921875 0.195198909375 0.33204035625 0.2238095875 0.323769590625 0.25536614375 0.3225807328125 0.3050852859375 0.3324557734375 0.3321702109375 0.346367125 0.3476201203125 0.368801703125 0.35238873593750003 0.3942003984375 0.343212275 0.41722940625 0.32312132031249996 0.4344740015625 0.2934722125 0.4444385484375 0.253947040625 0.44475335625 0.1936313125 0.44108617343749995 0.17411238906249998 0.42480513281250004 0.1477479859375 0.40835310937499997 0.144251 0.3863962953125 0.166652015625
0 0.2644218140625 0.2698194640625 0.2375274796875 0.27867801718749996 0.20021799375 0.314473003125 0.17360328125 0.3587877140625 0.1621702546875 0.41257587031250004 0.161548665625 0.42285454843750003 0.1675312203125 0.42412617812500003 0.163296765625 0.44404771875 0.18815535156250002 0.488892615625 0.21914031562499997 0.4975608328125 0.2280869875 0.4848873875 0.25966638125 0.4686960328125 0.277136278125 0.44534129375 0.293281521875 0.3988012296875 0.30214671718749997 0.3423851015625 0.2994974078125 0.296014453125 0.289000778125 0.2792082046875 0.2644218140625 0.2698194640625
0 0.07068384375 0.3723082328125 0.07818919375 0.388478665625 0.0959387140625 0.4005800828125 0.1343747125 0.3962569453125 0.15740371875 0.376165990625 0.172305784375 0.3501832828125 0.197541525 0.2535214609375 0.20829864374999998 0.18085019375 0.1800796546875 0.166523421875 0.1512662359375 0.177056221875 0.08265697968749999 0.2644987171875 0.0657191640625 0.3441848765625 0.07068384375 0.3723082328125
2 0.7624996796875 0.7359028750000001 0.8163155078125 0.7327666625 0.847867740625 0.701994415625 0.8646888921875 0.6743374609375 0.8769959671875001 0.6311458890625 0.8788335734375 0.5857289625 0.8676881968749999 0.5646204984375001 0.8510108703125001 0.5548291437499999 0.7877082609375 0.6246601609375 0.77255373125 0.62976760625 0.7578498078125 0.647463790625 0.7493809 0.687306871875 0.7624996796875 0.7359028750000001
2 0.7585720046875 0.805861465625 0.8025127937500001 0.7756403265625 0.8210005656250001 0.7254338609375 0.7962506171875 0.7389125390625 0.7644187640625 0.7342286296875 0.7530209250000001 0.6922449015625001 0.7438217921875 0.6840430859375 0.7281543109374999 0.7577527828124999 0.7337677390625 0.7901783546875001 0.7436156203125 0.8026823875 0.7585720046875 0.805861465625
2 0.6957823453125 0.8070902312499999 0.7211538828124999 0.783332878125 0.7419298671875 0.7002982265625 0.740181765625 0.6791050546874999 0.72584696875 0.6656472984375 0.6848703 0.6819233609375 0.6439479484375 0.7273612078125 0.6325149234375 0.7811493656249999 0.6402455781249999 0.8036141671875001 0.6688880125 0.815948784375 0.6957823453125 0.8070902312499999
4 0.571035740625 0.2246377828125 0.5718554734375 0.20607258125 0.564800725 0.20249088906249998 0.51192436875 0.4806719234375 0.49767105 0.510956846875 0.5043023515625 0.5165306937499999 0.5183846875 0.5091131859375 0.523889478125 0.4832151859375 0.571035740625 0.2246377828125
4 0.6257799375 0.26125994218750004 0.6023194578125 0.393695828125 0.5820835828125 0.4227091203125 0.598337465625 0.43449263125000004 0.61411358125 0.4191065078125 0.6166542546875 0.40715358281249997 0.6377450453125 0.26380320468749996 0.6257799375 0.26125994218750004
4 0.161086959375 0.1749793609375 0.17773712656250001 0.1701898234375 0.18092654531250002 0.1625391140625 0.183529565625 0.0693952 0.172609490625 0.05458110625 0.165438078125 0.1030286171875 0.1592573796875 0.110043509375 0.163546153125 0.11928375625000001 0.154879103125 0.167413359375 0.161086959375 0.1749793609375
4 0.26363726875000004 0.19261278125 0.2447803703125 0.2739731859375 0.2507629234375 0.2752448171875 0.26848528437499997 0.272765340625 0.2716747046875 0.265114634375 0.27836835312499997 0.1894974890625 0.2687457734375 0.183287828125 0.26363726875000004 0.19261278125
4 0 0.6547321359375 0.005220790625 0.65822468125 0.0156631 0.6458691421875 0.007878128125 0.5942425546875 0.030518878125 0.48037186875 0.043700003125 0.4477768828125 0.047681995312499996 0.40698007968749994 0.026626390625000003 0.45455857499999996 0.01093175 0.513687378125 0 0.5728768046875 0 0.6547321359375
3 0.2995870375 0 0.297260440625 0.0123652 0.30964899375 0.012916309375 0.312069171875 0 0.2995870375 0
3 0.898192321875 0.2004798578125 0.8898672390625 0.20287462656250002 0.85915386875 0.34001534218749996 0.8709208328125 0.35084512968750003 0.9014089015625 0.20741004375 0.898192321875 0.2004798578125
4 0.71916135 0.630911665625 0.7227198968749999 0.5921070171875 0.7160885953125 0.5865331703125001 0.7042321234375 0.64231348125 0.7044845859375 0.6631887453124999 0.712611525 0.6690804984375001 0.722432246875 0.6670036390625 0.7249729203124999 0.6550507140625 0.71916135 0.630911665625
1 0 0.8825735140625 0.0037362546875 0.8931932218749999 0.023630159375 0.9099147625 0.0415506625 0.8991487625 0.052649749999999995 0.7807426609375 0.0636593296875 0.728946659375 0.0572885171875 0.633895296875 0.047836921875 0.6048182171875001 0.0367458640625 0.6128715421875001 0.009870660937500001 0.7466637640625 0 0.7724023875 0 0.8825735140625
1 0.0720547890625 0.5350081203125 0.08065949375 0.5680695078125 0.10509463125 0.6149065593749999 0.1209250671875 0.628682221875 0.126853303125 0.6007920671875 0.10033612343750001 0.4681439015625 0.11241789843750001 0.4186579609375 0.098506546875 0.4032080515625 0.0779910515625 0.3967651890625 0.0669543125 0.43398029843749997 0.0655129921875 0.462824178125 0.0720547890625 0.5350081203125
1 0.3629660484375 0.6593080203125 0.3173043203125 0.6829168812499999 0.304970084375 0.7115275609375 0.3154667140625 0.7283338078125 0.3432622578125 0.744652734375 0.3572007671875 0.7746835359375 0.3675535734375 0.8289380953125001 0.3801945875 0.850364465625 0.4193064921875 0.8649244375 0.47032918593749995 0.8528658874999999 0.4766808671875 0.8229835765625 0.4684996078125 0.7879300359375 0.4727340625 0.7680084953125 0.44056826875 0.69870664375 0.41446650625 0.6744191015625 0.3629660484375 0.6593080203125
1 0.1728665375 0 0.154607509375 0.021604425 0.1505711984375 0.0332394421875 0.157427803125 0.045107659375 0.23121901406249998 0.10243566562499999 0.302388075 0.1279739171875 0.366898675 0.133357428125 0.4129838484375 0.10775641250000001 0.4355622515625 0.07507671875000001 0.39447694375000003 0.03302920625 0.32739851249999996 0.0250177265625 0.23832134218749998 0 0.23163507656250001 0 0.20199017968750002 0.0046078421875 0.18616298125 0 0.1728665375 0
1 0.23706081874999999 0.48679483437500004 0.228988196875 0.5100648640625 0.2492160421875 0.5914043484375 0.2959690953125 0.6950392203125 0.3154123953125 0.699172021875 0.3202955984375 0.683552696875 0.3458924359375 0.6660897125 0.35035219375 0.6524625421875 0.349144203125 0.5772480140625 0.338620415625 0.545860871875 0.33876423906249997 0.5084125625 0.319690065625 0.4731258203125 0.289326690625 0.4541789265625 0.26945994375 0.452038278125 0.23706081874999999 0.48679483437500004
1 0.3422332796875 0.5362180109375 0.34824299375 0.5520705359375 0.349198521875 0.6064098 0.367146184375 0.61022469375 0.4300796671875 0.5715476171875 0.504220875 0.47278801406250004 0.522510503125 0.4308680734375 0.529709075 0.3970014546875 0.52897885 0.34895655937500003 0.5108058859375 0.338847296875 0.47301863749999995 0.34747264843750003 0.40904011875 0.3984205578125 0.3583513640625 0.475097053125 0.3422332796875 0.5362180109375
1 0.2104782171875 0.08969843281249999 0.18505236249999998 0.0842940015625 0.182764153125 0.1171221875 0.193089796875 0.156795853125 0.2283906921875 0.1892852109375 0.26383541250000003 0.1843262578125 0.29225254375 0.19036650625 0.353744709375 0.18053330781250002 0.3936491859375 0.1619471859375 0.406434025 0.145925246875 0.40448778281250003 0.1330185984375 0.3820532046875 0.1282499828125 0.3585735921875 0.135752196875 0.2769622203125 0.122569484375 0.2104782171875 0.08969843281249999
1 0.9041045015625 0.39329525625 0.891040040625 0.3738610390625 0.865388884375 0.3621622375 0.8500090531250001 0.3609753140625 0.8073657609374999 0.39980088281250004 0.7928871390625 0.4237914390625 0.7848688359375 0.4762232578125 0.790455103125 0.49406793593750004 0.7679853390625 0.5850712031249999 0.75607455 0.611689728125 0.7554801203125 0.6365493 0.760615784375 0.6418052375000001 0.7714815390624999 0.6274575453125 0.7877082609375 0.6246601609375 0.8369556953125 0.5768275453125 0.8593087953125 0.53785348125 0.8663092234375 0.5122733875 0.8893382296875 0.4921824328125 0.9039878359375001 0.445324459375 0.9041045015625 0.39329525625
1 0.6914361796875 0.423048971875 0.786426821875 0.3953501734375 0.817555609375 0.36657008125 0.8273220125 0.335331434375 0.7912013859375 0.32140727812500003 0.7527653890625 0.32573041406250003 0.7246007171875 0.3405654296875 0.652440940625 0.35645979687499996 0.63220506875 0.385473090625 0.6273218671875 0.40109241406249996 0.6320340859375 0.40834050624999996 0.6914361796875 0.423048971875