0 0.237380221875 0.298708478125 0.20315775781249998 0.36895258124999997 0.13954597500000002 0.5340001062499999 0.124124875 0.6137945125 0.1286470203125 0.69819318125 0.1525471453125 0.7766462765625 0.17760617343750001 0.81108476875 0.238871778125 0.799180721875 0.2827718859375 0.7520095390625 0.3303916234375 0.6692294421875 0.3415335 0.6014712624999999 0.33903518125 0.44981417968750004 0.3211157609375 0.377951503125 0.32199202968749996 0.328661984375 0.30178884375 0.2666913890625 0.2798501375 0.26423127343749997 0.237380221875 0.298708478125
0 0.553730934375 0.1242846828125 0.5409046015625 0.1343476546875 0.5417695265625 0.1111038421875 0.5300850765625 0.1162207734375 0.46535977968750003 0.2211000671875 0.40862766562499997 0.29135707499999997 0.366700325 0.3884755296875 0.3432860390625 0.502892221875 0.3438342875 0.5525106171874999 0.3577627875 0.6286615828125 0.38652442656249997 0.666559725 0.432391625 0.6823586671874999 0.48598072343750004 0.6322146984375 0.5438603921875 0.5439887953125 0.5641203140625 0.47573085 0.5761214390625 0.39775171249999997 0.5735720578125 0.363300315625 0.5875629671875 0.2961998875 0.5893155078125 0.19762084687499998 0.5805084625 0.13828126093749998 0.553730934375 0.1242846828125
2 0.7050010921875 0.19046614374999998 0.6796253875 0.22888985625 0.5903666140625 0.4010404703125 0.5541259968750001 0.525520134375 0.5218989921875 0.59362009375 0.512181634375 0.66170715 0.519552815625 0.7467635703125 0.53748925625 0.7795576843750001 0.5961771140625001 0.798316509375 0.6543223968749999 0.7544340859374999 0.6859727875 0.7018299984375 0.7125017203125 0.6324145359375 0.7787479859374999 0.3064756 0.785045365625 0.24020381406250002 0.7742428609374999 0.1830083703125 0.7511736171875001 0.1594485859375 0.7050010921875 0.19046614374999998
2 0.297881984375 0.7320544859375 0.289035225 0.7638748750000001 0.3046878984375 0.8065610703124999 0.31149948437499997 0.868044803125 0.3231725859375 0.8889735812499999 0.333144209375 0.8912757125 0.3676322890625 0.865375084375 0.4126799515625 0.8002350078125 0.42551195625 0.77714918125 0.44006813593749994 0.7205985874999999 0.43665950625 0.6963681484375 0.39962204687499997 0.6878173765625 0.3509114859375 0.6583378296875 0.33352329375 0.6751621109375 0.297881984375 0.7320544859375
2 0.6250712984375 1 0.6485335484375 0.96148424375 0.6773689453125 0.8300852843750001 0.6868036671875 0.7567233124999999 0.6819648468749999 0.7451868515625 0.6651532687499999 0.7465152578125 0.60159255 0.7943570953125 0.550010259375 0.8163112109374999 0.5055335375000001 0.8789782687500001 0.489264534375 0.9429479234375 0.49104675625 1 0.6250712984375 1
2 0.7450437421875 1 0.74796715 0.9792306343750001 0.7491374015625001 0.9091703234375 0.7423201421875001 0.8607094453125 0.7266561203124999 0.8440689578124999 0.6973065187499999 0.8477124 0.6799183265625001 0.86453668125 0.6639489765625 0.8947126921875 0.646538090625 0.963628390625 0.6291351453125 1 0.7450437421875 1
2 0.9403461562500001 0.21093700625 0.9403745234375 0.14582273750000002 0.9326980140625001 0.10758281562500001 0.910471 0.1128706375 0.8691316203125 0.1684475078125 0.8619920125 0.205871690625 0.8830771437499999 0.2055299109375 0.8850669296874999 0.21640862031250002 0.909283728125 0.22199950937500001 0.9403461562500001 0.21093700625
2 0.9297411828125 0.354359290625 0.9423075750000001 0.28692998593749997 0.9394812343750001 0.23418081875 0.9010192578125 0.22530117187499998 0.8520090421875001 0.22961526875 0.8323427562499999 0.2433087765625 0.8126651218750001 0.28304799375 0.7895391453125 0.38971675 0.8325459609375001 0.43090365 0.88753688125 0.43317997343750003 0.9297411828125 0.354359290625
2 0.7500533859375 0.7687208265625001 0.7409239921874999 0.7952663 0.7443269484374999 0.8325195921875 0.7568592984375 0.8432274124999999 0.778803678125 0.8326646765625 0.8081703015624999 0.7899526734375 0.832426815625 0.7043835828125 0.8332974125 0.6681169171875 0.8145073953124999 0.63252090625 0.8053893484374999 0.6330206734375 0.788566425 0.6603947875 0.77428720625 0.735243153125 0.7500533859375 0.7687208265625001
4 0.426932128125 0 0.3548183453125 0.1929747328125 0.3408444546875 0.2210066 0.309488046875 0.25283989375 0.307763875 0.2863046640625 0.31373890625 0.30591793749999996 0.3319750015625 0.30491840625 0.36562085 0.2501701765625 0.44710678593750003 0 0.426932128125 0
4 0.57511571875 0.09014925781250001 0.5911077625 0.0078818296875 0.5668909640625001 0.0022909421874999997 0.5637536203125 0.0093811265625 0.5409159484375 0.10830194687500001 0.5471792875 0.1201672828125 0.5628489828125 0.1237849171875 0.575104371875 0.11619496562500001 0.57511571875 0.09014925781250001
4 0.7606253625 0.0470180515625 0.747804703125 0.0440581703125 0.7343847343750001 0.10868557812499999 0.7272394531249999 0.1591326140625 0.7409136859375 0.16489439374999998 0.753169078125 0.1573044421875 0.756594728125 0.14246631875 0.7606253625 0.0470180515625
1 0.8654790296874999 0.7041997890625 0.86091716875 0.7109611 0.8526583703125 0.70123990625 0.8386958281249999 0.703226065625 0.82555849375 0.7731283906249999 0.8292384109375 0.8286794546875 0.8372089015625 0.846148584375 0.8283394484375 0.930060390625 0.836027303125 0.9422546031250001 0.8440204874999999 0.907632315625 0.863398465625 0.90168674375 0.8993224109375 0.8500692859375001 0.9315664343750001 0.7429007640624999 0.9404415640625 0.6459661031249999 0.9253825265625 0.548715471875 0.90029513125 0.57939125 0.8780284015625 0.675839046875 0.8654790296874999 0.7041997890625
1 0.41063343124999996 0.9195848375000001 0.42830993125 0.89501261875 0.4442906265625 0.8387909 0.466246353125 0.8021824546874999 0.5016220484375 0.7009466015625 0.5056243140625 0.6706126046875001 0.49223838750000004 0.6571028890624999 0.4680045671875 0.6905805625 0.4509046828125 0.69965690625 0.43291150624999997 0.7970913328125 0.4055176484375 0.88975060625 0.41063343124999996 0.9195848375000001
1 0.2823416734375 0 0.2828126421875 0.004431946875 0.303586771875 0.0639295203125 0.337187234375 0.11336412031250001 0.360544784375 0.1291759671875 0.37109302187500004 0.1159822234375 0.38079903125 0.07394087499999999 0.38606280625 0 0.2823416734375 0
1 0.1629810796875 0 0.1571497640625 0.0223073734375 0.1551145875 0.11561149687500001 0.1653404796875 0.1883028140625 0.17558338906249998 0.22192556875 0.188969315625 0.235435284375 0.1998455765625 0.123333625 0.22362286406249998 0 0.1629810796875 0
3 0.5002676796875 0 0.48222809062499994 0.08954312187499999 0.438870559375 0.199355553125 0.43544490781249995 0.21419367656250002 0.4402837296875 0.22573013749999998 0.4627990515625 0.212694378125 0.480763859375 0.1803742234375 0.5195366359375 0 0.5002676796875 0
1 0.083413171875 0.5366698234375 0.1101850265625 0.5636892546875 0.1264256625 0.56483386875 0.16038251406249998 0.4502462859375 0.1954642265625 0.36978122343750003 0.1704051984375 0.33534273125 0.12339044218749999 0.3375126828125 0.09688420156250001 0.3548367296875 0.0760646859375 0.3995219890625 0.0421135078125 0.5010867171875 0.058342796875000005 0.5282770390625 0.083413171875 0.5366698234375
1 0.01471965 0.5937459921875 0.02295008125 0.6685814546875 0.065074953125 0.7720807265625 0.127442728125 0.846390615625 0.1562157140625 0.858243046875 0.1724620234375 0.8463648078125001 0.18159141875 0.8198193343750001 0.1519818765625 0.7660964421875 0.1329149 0.7122026625 0.1195686875 0.6075329671875 0.0856742453125 0.57886915625 0.047494903125 0.5752644265625 0.019852453125 0.5845116609375001 0.01471965 0.5937459921875