0 0.2177781875 0.327262415625 0.1910857046875 0.4006989359375 0.145074559375 0.5714915546875 0.1380787234375 0.6524607828125 0.151398159375 0.7359244140625 0.18336793906249998 0.8114494921875 0.21188949375 0.8430799453125 0.2715751671875 0.824837109375 0.310304053125 0.773335525 0.34901005 0.6860312890625 0.35300823124999997 0.6174796515625001 0.334671115625 0.4669145078125 0.309338165625 0.3973185921875 0.3050574765625 0.348207490625 0.278487275 0.2886881859375 0.2564115984375 0.288534765625 0.2177781875 0.327262415625
0 0.5141636468749999 0.120726478125 0.5024594453125 0.132075040625 0.500889990625 0.1088681515625 0.4898044140625 0.11517840937499998 0.43639656093749996 0.22624879999999997 0.3873190890625 0.30205105312499997 0.35577307187499996 0.4030200828125 0.344446853125 0.5192574484375 0.350178634375 0.5685467203125001 0.371990775 0.6428245984375 0.404556290625 0.6775087203125 0.4518236625 0.6884266875 0.499877721875 0.6329558265624999 0.5482182015625 0.5391631609374999 0.5612322390625 0.4691614015625 0.56501658125 0.39035498125 0.5588800140625 0.356358796875 0.5657803765625 0.288163503125 0.557219 0.18994129843750002 0.5422575234375 0.1318473671875 0.5141636468749999 0.120726478125
2 0.671522975 0.170733353125 0.650302653125 0.21159906093749997 0.5795274890625 0.392136696875 0.5564970703125 0.519722625 0.5315649921875 0.590818165625 0.5290179015625001 0.6595479734375 0.5452395203125 0.7433679484375 0.566505621875 0.77410754375 0.6268328125 0.786629053125 0.68007260625 0.7369091859375 0.7060509875000001 0.681284903125 0.7251787015625 0.6094766765624999 0.7569921671875 0.2783986484375 0.7563277609375 0.21183165 0.7396058812499999 0.1560787 0.714200346875 0.13505937031249998 0.671522975 0.170733353125
2 0.3232455078125 0.7519103515625 0.3177733484375 0.784481165625 0.3378021953125 0.8252973703125001 0.35100326718749997 0.885732284375 0.364800075 0.9053262406249999 0.3749577125 0.9065734421875 0.406549509375 0.877209715625 0.44454140468750003 0.80771771875 0.4548899890625 0.78341705 0.4634552796875 0.7256547109375 0.45753255312499996 0.7019133078124999 0.41980418906250005 0.697280846875 0.36827901875 0.67305443125 0.352744696875 0.6916041093749999 0.3232455078125 0.7519103515625
2 0.6691595687499999 1 0.6959581046875 0.9434302015625 0.7109006078125 0.8097369390625 0.71261523125 0.7357906546875 0.7065970296875 0.7248231859375001 0.690016403125 0.7279016046875 0.631804709375 0.7821252624999999 0.5827998234375 0.8093509296875 0.545117240625 0.8763237734375 0.535624009375 0.9416435703125 0.5436066953124999 1 0.6691595687499999 1
2 0.794969503125 1 0.7967020015624999 0.9506857343749999 0.7905425453125 0.880886896875 0.7786970906249999 0.8334040890625 0.761379475 0.8184920953124999 0.7325714953125 0.8251834468749999 0.7170371734375001 0.843733125 0.7043095578125 0.8754130796874999 0.6941977015624999 0.945771184375 0.674919678125 1 0.794969503125 1
2 0.9077185828125 0.1664918171875 0.9009405015624999 0.10173128437500001 0.889308884375 0.0645032609375 0.867756359375 0.07208546875 0.8324528062500001 0.1316790265625 0.829264203125 0.1696444875 0.8501981000000001 0.167100584375 0.853314121875 0.177711709375 0.877982665625 0.18074062500000002 0.9077185828125 0.1664918171875
2 0.912163415625 0.31023694062499996 0.9176126859375 0.241863475 0.9092880390625 0.18969870625000002 0.8701085859375001 0.1848880734375 0.8218177984375 0.1943015 0.803690609375 0.20997568125 0.78827465 0.251554075 0.77642528125 0.3600558125 0.8235017046875001 0.3965216484375 0.87842931875 0.3930373859375 0.912163415625 0.31023694062499996
2 0.7767725421875 0.74111105 0.7704679171875 0.7684653859374999 0.7777462609375 0.8051588953125 0.7913292296875001 0.8144980703125 0.812049290625 0.8016993843750001 0.8367904203125001 0.7561517140625 0.8519696484375 0.668515884375 0.8490445781249999 0.6323568890625 0.8266366984375001 0.59891996875 0.817620840625 0.6003700921874999 0.8037514484375 0.6293527234375 0.7973742374999999 0.705283646875 0.7767725421875 0.74111105
4 0.37774993437500004 0 0.3235207859375 0.20983226562500001 0.31255357500000003 0.23917123906249999 0.28469642500000003 0.274107784375 0.28647971875 0.30756945625 0.2944721640625 0.326450725 0.31250388125 0.3235504796875 0.340242665625 0.265585215625 0.39689597499999996 0 0.37774993437500004 0
4 0.513863178125 0 0.512120734375 0.0054047203125 0.4997482125 0.106170828125 0.5072175046875 0.11731646874999999 0.5231795046875 0.1192763546875 0.5345743921875 0.11044694531249999 0.5318631593750001 0.0845427328125 0.5391683078125 0.0010543515625 0.53058130625 0 0.513863178125 0
4 0.711848121875 0.022256765625 0.6987883046875 0.020653221875 0.6921972546874999 0.0863293640625 0.6903642671875 0.13724693125 0.7045658625 0.1415478 0.7159607515624999 0.1327183890625 0.7178166296875 0.1176034734375 0.711848121875 0.022256765625
1 0.8848215875 0.6648782 0.880991465625 0.672079315625 0.8717617703125 0.66327465625 0.858083325 0.6667094171875 0.8523247406250001 0.7376020359375 0.8617911671874999 0.7924641296875 0.8715440156250001 0.8090044171875 0.871494321875 0.8933836562499999 0.8804147046875 0.9047074687500001 0.8847450875 0.8694393312500001 0.9033954296875001 0.861500778125 0.933727084375 0.8064110124999999 0.9545923125 0.696459153125 0.9532863921875 0.5991278062500001 0.9281443906250001 0.503984021875 0.9064009171875 0.5371141015625 0.8943377078125 0.6353610546875 0.8848215875 0.6648782
1 0.45498154843750005 0.9266276578125 0.46999271875000004 0.9003423515625 0.4800091015625 0.8427581828124999 0.4980179265625 0.804055284375 0.5226178015625 0.6996762453125001 0.5234273765624999 0.66909006875 0.50870263125 0.657053571875 0.48810093437499996 0.6928809765625 0.47204346093750005 0.7036950234375 0.46433352499999997 0.8024764921875001 0.4467752640625 0.89749160625 0.45498154843750005 0.9266276578125
1 0.22582098125 0 0.23220144999999998 0.02984898125 0.2590809671875 0.0868491328125 0.29766468437500004 0.1325007203125 0.32254706718750004 0.14578441875 0.3316584 0.1315603609375 0.336916721875 0.088734765625 0.333929609375 0 0.22582098125 0
1 0.1183387703125 0 0.10909545624999999 0.060761831249999995 0.1168243671875 0.153767559375 0.1345925515625 0.22499176875 0.148293884375 0.257359659375 0.16301863125 0.26939615625 0.162117496875 0.1567717234375 0.17559087812500002 0 0.1183387703125 0
3 0.44825780000000004 0 0.43942102031249997 0.0936493171875 0.40777952968750003 0.20739228125000003 0.4059236515625 0.222507196875 0.4119418546875 0.23347466562500002 0.4329712265625 0.21815682656250002 0.44745924531250003 0.184135890625 0.467240246875 0 0.44825780000000004 0
1 0.08952831875 0.5800141234375 0.11897781249999999 0.60408711875 0.13524912656250002 0.603527853125 0.1570422953125 0.48601853593750005 0.1835209375 0.40232723125 0.15499938124999998 0.3706967796875 0.108469 0.37776922343749997 0.08391881875 0.3977690234375 0.06788423593750001 0.44438572499999995 0.0447354515625 0.5489429359375 0.063717996875 0.5742878828125 0.08952831875 0.5800141234375
1 0.027177192187499997 0.64395805 0.0431849703125 0.7175232421875 0.0958976984375 0.8160522859375 0.165691315625 0.8834358906249999 0.1955455953125 0.8922157984375 0.21046129218749998 0.8787044249999999 0.2167659171875 0.851350090625 0.181703009375 0.8010165375 0.1571070484375 0.749411034375 0.1328929859375 0.6467097921875 0.0961880375 0.6217459375 0.0578410484375 0.6221517828125 0.031316625 0.6342377828125 0.027177192187499997 0.64395805