0 0.3450292390625 0.79441624375 0.3728070171875 0.7030456859374999 0.368421053125 0.6345177671875 0.3318713453125 0.4873096453125 0.2982456140625 0.42131979687500004 0.2880116953125 0.373096446875 0.254385965625 0.3172588828125 0.232456140625 0.3197969546875 0.19883040937500002 0.3629441625 0.18128655 0.43908629374999997 0.1564327484375 0.6142131984375 0.159356725 0.695431471875 0.1827485375 0.776649746875 0.2236842109375 0.8477157359374999 0.255847953125 0.8756345171875 0.312865496875 0.8502538078124999 0.3450292390625 0.79441624375
0 0.516081871875 0.6319796953125 0.5526315796875 0.5329949234375 0.55701754375 0.46192893437500004 0.551169590625 0.38324873125000003 0.540935671875 0.35025380781250004 0.539473684375 0.28172588906249996 0.5190058484375 0.1852791875 0.49707602343749996 0.129441625 0.46783625781250004 0.1218274109375 0.45760233906250003 0.1345177671875 0.45321637499999995 0.1116751265625 0.44298245625000005 0.119289340625 0.403508771875 0.236040609375 0.3640350875 0.3172588828125 0.3450292390625 0.42131979687500004 0.347953215625 0.538071065625 0.3596491234375 0.5862944156250001 0.3903508765625 0.65736040625 0.42690058437499995 0.6878172593749999 0.4751461984375 0.6928934015625 0.516081871875 0.6319796953125
2 0.6608187140624999 0.7690355328125 0.7076023390625 0.7131979703125 0.7266081875 0.654822334375 0.7368421046875 0.5812182734375 0.728070175 0.2487309640625 0.7192982453125001 0.1827411171875 0.6959064328125 0.129441625 0.6681286546874999 0.1116751265625 0.630116959375 0.1522842640625 0.6140350875 0.195431471875 0.5657894734375 0.38324873125000003 0.5584795328125 0.5126903546875 0.5423976609375 0.5862944156250001 0.5482456140624999 0.654822334375 0.5745614031249999 0.736040609375 0.5994152046875 0.763959390625 0.6608187140624999 0.7690355328125
2 0.45321637499999995 0.8857868015625 0.482456140625 0.8121827406250001 0.48976608125 0.7868020296875 0.4912280703125 0.7284263953125001 0.482456140625 0.70558375625 0.44444444375 0.70558375625 0.3903508765625 0.6878172593749999 0.3771929828125 0.708121828125 0.3552631578125 0.7715736046874999 0.3538011703125 0.804568528125 0.3786549703125 0.8426395937500001 0.39912280624999996 0.9010152281250001 0.415204678125 0.9187817265625 0.425438596875 0.9187817265625 0.45321637499999995 0.8857868015625
2 0.7485380109374999 0.9162436546875 0.7470760234375 0.7817258890625001 0.73976608125 0.708121828125 0.732456140625 0.69796954375 0.71637426875 0.7030456859374999 0.6652046781250001 0.763959390625 0.619883040625 0.7969543140625001 0.5906432749999999 0.8680203046875 0.5891812859375001 0.9340101515624999 0.6052631578125001 0.9949238578124999 0.6783625734375 0.9873096453124999 0.688596490625 0.9974619296875 0.7207602343749999 1 0.7485380109374999 0.9162436546875
2 0.8172514625 0.7969543140625001 0.7982456140624999 0.784263959375 0.7704678359375 0.79441624375 0.7573099421875 0.8147208125000001 0.7485380109374999 0.8477157359374999 0.7470760234375 0.9187817265625 0.7295321640625 0.9974619296875 0.8567251468749999 0.9949238578124999 0.8494152046875 0.9111675124999999 0.8347953218749999 0.8426395937500001 0.8172514625 0.7969543140625001
2 0.8494152046875 0.0558375640625 0.8333333328125001 0.020304568749999998 0.812865496875 0.030456853125 0.78508771875 0.0939086296875 0.7865497078125 0.1319796953125 0.80701754375 0.12690355312499998 0.8114035093749999 0.1370558375 0.8362573093749999 0.1370558375 0.8640350874999999 0.119289340625 0.8494152046875 0.0558375640625
2 0.8684210531250001 0.1421319796875 0.82894736875 0.1421319796875 0.7821637421875 0.15736040625 0.766081871875 0.175126903125 0.755847953125 0.21827411093750002 0.7573099421875 0.3274111671875 0.8084795328125001 0.3578680203125 0.8625731 0.3477157359375 0.8859649125000001 0.2614213203125 0.8830409359375 0.1928934015625 0.8684210531250001 0.1421319796875
2 0.8464912281249999 0.7614213203125 0.8654970765625001 0.7131979703125 0.869883040625 0.6243654828125 0.8625731 0.5888324875000001 0.8362573093749999 0.558375634375 0.8274853796875 0.56091370625 0.8172514625 0.5913705578124999 0.8201754390625 0.667512690625 0.8040935671874999 0.70558375625 0.801169590625 0.7335025374999999 0.812865496875 0.7690355328125 0.8274853796875 0.776649746875 0.8464912281249999 0.7614213203125
4 0.29239766093749997 0.3477157359375 0.312865496875 0.2868020296875 0.33771929843750004 0.0050761421874999995 0.3201754390625 0 0.289473684375 0.2335025375 0.2821637421875 0.263959390625 0.2587719296875 0.30203045624999997 0.26461988281250004 0.33502538125000003 0.2748538015625 0.352791878125 0.29239766093749997 0.3477157359375
4 0.45321637499999995 0 0.45175438593750006 0.0076142125 0.45175438593750006 0.10913705625 0.460526315625 0.119289340625 0.4766081875 0.119289340625 0.48684210468750005 0.10913705625 0.48099415156249997 0.08375634531250001 0.47807017500000004 0 0.45321637499999995 0
4 0.6388888890625 0 0.6403508765625 0.0659898484375 0.6447368421874999 0.11675126875 0.6593567250000001 0.119289340625 0.66959064375 0.10913705625 0.66959064375 0.0939086296875 0.652046784375 0 0.6388888890625 0
1 0.926900584375 0.8197969546874999 0.9444444437499999 0.8096446703125 0.9678362578125 0.7512690359375 0.9751461984375001 0.639593909375 0.9619883046875 0.5431472078125 0.9254385968750001 0.45177664999999995 0.9078947375 0.4873096453125 0.9078947375 0.5862944156250001 0.902046784375 0.6167512687500001 0.89912280625 0.6243654828125 0.8888888890625 0.6167512687500001 0.8757309937500001 0.6218274109374999 0.8786549703125001 0.6928934015625 0.8947368421874999 0.74619289375 0.9064327484374999 0.7614213203125 0.9166666671874999 0.8451776656250001 0.926900584375 0.85532995 0.926900584375 0.8197969546874999
1 0.53508771875 0.80203045625 0.546783625 0.695431471875 0.5438596484375 0.66497461875 0.527777778125 0.654822334375 0.51169590625 0.6928934015625 0.49707602343749996 0.70558375625 0.5014619890625001 0.804568528125 0.49561403437499996 0.9010152281250001 0.5073099421875 0.928934009375 0.5190058484375 0.9010152281250001 0.521929825 0.8426395937500001 0.53508771875 0.80203045625
1 0.16267056562499999 0 0.16081871406249998 0.010152284374999999 0.1549707609375 0.0025380703125 0.176900584375 0.0659898484375 0.210526315625 0.119289340625 0.254385965625 0.1598984765625 0.2807017546875 0.1700507609375 0.2880116953125 0.15482233437499998 0.2880116953125 0.1116751265625 0.2704678359375 0 0.16267056562499999 0
1 0.06286549687500001 0 0.061403509375 0.010152284374999999 0.0584795328125 0.1116751265625 0.0774853796875 0.2030456859375 0.1038011703125 0.2715736046875 0.12134502968750001 0.30203045624999997 0.1374269 0.312182740625 0.1228070171875 0.2005076140625 0.1154970765625 0 0.06286549687500001 0
3 0.3874269 0 0.3903508765625 0.1040609140625 0.3728070171875 0.22081218281249998 0.3728070171875 0.236040609375 0.380116959375 0.24619289375000003 0.39912280624999996 0.2284263953125 0.40935672500000003 0.1928934015625 0.4064327484375 0 0.3874269 0
1 0.1578947375 0.52791878125 0.1739766078125 0.44162436562499996 0.141812865625 0.413705584375 0.096491228125 0.42639593906249995 0.07456140312500001 0.449238578125 0.0643274859375 0.49746192968749997 0.054093567187500004 0.6040609140625001 0.07602339218750001 0.626903553125 0.10233918125000001 0.629441625 0.1345029234375 0.6497461921875 0.1505847953125 0.647208121875 0.1578947375 0.52791878125
1 0.2587719296875 0.9111675124999999 0.26169590625 0.8832487312499999 0.220760234375 0.8375634515625 0.1900584796875 0.7893401015625 0.153508771875 0.6903553296875 0.11403508749999999 0.6700507609375 0.07602339218750001 0.675126903125 0.051169590625000004 0.6903553296875 0.0482456140625 0.7005076140625001 0.073099415625 0.7715736046874999 0.1374269 0.8629441625000001 0.21491228125 0.921319796875 0.245614034375 0.9263959390625001 0.2587719296875 0.9111675124999999