0 0.38858399375 0.3299207796875 0.2675300921875 0.359615671875 0.231589559375 0.380141525 0.2230053109375 0.41354996875000005 0.2173485703125 0.4609061828125 0.24134505 0.5081184296875 0.323585090625 0.57634584375 0.38567493750000004 0.6060981562500001 0.457583096875 0.6107185609375 0.5113497984375 0.5960222578125001 0.54605626875 0.567219865625 0.5784387140625 0.5057719203125 0.5793303937500001 0.4548891859375 0.544110353125 0.39495266562500003 0.4995313859375 0.3575427390625 0.4517367109375 0.33836999375 0.38858399375 0.3299207796875
2 0.195730303125 0.5376837125 0.1786788109375 0.542736015625 0.1363068640625 0.599736228125 0.088395184375 0.6423280671875 0.060003120312500005 0.6964206859375001 0.0703079109375 0.71435558125 0.0644799828125 0.7321321562499999 0.12151657499999999 0.79054289375 0.177147915625 0.81109745625 0.28732063281250003 0.8278375640625001 0.335088215625 0.8013381984375 0.36594840156249997 0.7637986609375 0.3809911578125 0.7395879671875 0.390782375 0.6687839515625 0.3572557828125 0.6145186609375 0.298841028125 0.56392385625 0.258883021875 0.5461329265625 0.195730303125 0.5376837125
2 0.6266213171875 0.9199011953125 0.6505636109374999 0.87576921875 0.6571391234374999 0.8232023828124999 0.6443662078125 0.788714409375 0.5894824515625 0.7333695875 0.5399943281249999 0.7085256125 0.47638222187499996 0.702681709375 0.4200033 0.7169174093749999 0.38360337968749997 0.740048571875 0.356130090625 0.7889305656250001 0.587609175 0.942571753125 0.6266213171875 0.9199011953125
0 0.6151810140625 0.54180003125 0.5749348109375 0.55619405 0.54929906875 0.594654796875 0.5626754671875001 0.6104449859375001 0.54964145 0.6538140703125 0.5573340171875001 0.6712883625 0.5960850546875001 0.7264748625 0.6432762453125 0.7643453953125 0.7102752484375 0.7815317546875 0.7595921796875 0.7767960921875 0.8016759296875 0.7519808265625 0.838679334375 0.7101518765625 0.8378775671875 0.6535979140625 0.7754453390625 0.564686328125 0.7193546125 0.5467370781249999 0.6151810140625 0.54180003125
2 0.6478072906250001 0.8914010875 0.684234303125 0.9139420359375 0.7386315812500001 0.9262200578125 0.8460208859374999 0.912919925 0.8996163968750001 0.8686439828125 0.9230993046875 0.82711731875 0.911073971875 0.757839084375 0.8821683390624999 0.7231927890625001 0.8469753875 0.70892838125 0.805522215625 0.7607179703125 0.78140873125 0.775270309375 0.6813967046875 0.7925575703125001 0.6597513453125 0.8236629890625 0.6478072906250001 0.8914010875
2 0.089913209375 0 0.061974945312499995 0.1353287890625 0.1621581609375 0.147621165625 0.26262957343750004 0.12772859375 0.27844700312500004 0.1143997515625 0.2861124796875 0.0862019296875 0.2742583390625 0.04650333125 0.27761814375 0.012173675 0.2677034265625 0 0.089913209375 0
2 0.7284881609375 0.40328662499999995 0.6878995765625 0.35852136875 0.5956971265625 0.331518334375 0.516123490625 0.3550957484375 0.5725566 0.432204271875 0.581969709375 0.5010219031250001 0.6851974421875 0.46549746093750005 0.737126596875 0.461222403125 0.7284881609375 0.40328662499999995
2 0.2667812 0 0.287922934375 0.0301085703125 0.2876618296875 0.1079656328125 0.29581378593749996 0.1228346109375 0.3393027890625 0.13587552187500002 0.38876381875 0.1150473859375 0.4119314375 0.060033557812500006 0.40868863906249997 0.032598628125 0.38977250625000004 0.002400065625 0.3850743046875 0 0.2667812 0
2 0.1483494671875 0.18010839843749998 0.1797232265625 0.23130777343750003 0.194964265625 0.28234882968749997 0.3432032578125 0.23595689062499997 0.35319276093749996 0.2404046234375 0.3506076296875 0.285616128125 0.3596783578125 0.2952744859375 0.4237227578125 0.252840965625 0.4175524484375 0.211458265625 0.4003297640625 0.18693093125 0.339618078125 0.1493626859375 0.236363253125 0.139215015625 0.1743004984375 0.155134815625 0.1483494671875 0.18010839843749998
2 0.3715682296875 0.1361921625 0.35621018437499996 0.14691569375 0.406328884375 0.19873399375 0.4180389265625 0.254525065625 0.4796422953125 0.24121057656249997 0.47654359375000005 0.197683171875 0.4381078453125 0.1559838328125 0.3715682296875 0.1361921625
4 0.537643209375 0.6302079484374999 0.5543794140625 0.61166848125 0.520564625 0.5895881390625 0.47064420625 0.6130215875 0.537643209375 0.6302079484374999
1 0 0.6631210671875001 0.020360401562499998 0.6921169171875 0.05262584218750001 0.6924335578124999 0.1490526859375 0.5885520921875 0.18436264062500002 0.5410519140625001 0.21918611718749997 0.4504849359375 0.2317065640625 0.31837693906250003 0.1885328515625 0.3188231890625 0.1138954640625 0.37550676250000004 0.01227126875 0.5241391296875 0 0.561569428125 0 0.6631210671875001
1 0.5276352531249999 0.33563507187499997 0.556918996875 0.23065972031249998 0.510673671875 0.23325067812500003 0.4109769359375 0.26402510156250003 0.3504635328125 0.3017086046875 0.3450949890625 0.3168798671875 0.351868784375 0.3395647796875 0.4282267125 0.334224546875 0.5113584343750001 0.3515692265625 0.5276352531249999 0.33563507187499997
1 0 0.628681075 0.0299262453125 0.500389040625 0.0867374640625 0.4378759203125 0.1349373390625 0.36309913125 0.1819302453125 0.3257179140625 0.1826778296875 0.290927653125 0.1736071015625 0.2812692984375 0.0972491734375 0.28660953125 0.0288991015625 0.32291121875 0.0024258640625 0.503598925 0 0.5109983890625001 0 0.628681075
1 0.7229122015625 1 0.701484078125 0.9841414828125 0.56978300625 0.9367422062499999 0.4749412421875 0.8636064546875 0.3495274859375 0.7958252906250001 0.338619209375 0.79658818125 0.3045433171875 0.8523648984375001 0.2861136625 0.8652331359375 0.362039296875 0.9081703265625001 0.4702574609375 0.9970962671875 0.48591592656250004 1 0.7229122015625 1
1 0.43951427968749995 0.9728712171874999 0.3542026296875 0.9067885109375 0.20912515781250002 0.8435990437499999 0.0911157734375 0.8254771203125 0.06315600625 0.8312923124999999 0.045185740625 0.8415552390625001 0.0470503796875 0.8768061046875 0.0306294640625 0.908832734375 0.0366285828125 0.9206357953125 0.4441352390625 0.9924902140625 0.43951427968749995 0.9728712171874999