0 0.6516393390624999 0.6354473265625 0.760882825 0.5754332078125 0.7902862328125 0.5463046625 0.7899312390625 0.511812815625 0.7831385390625 0.4646061546875 0.7477402921875 0.42521337187499997 0.6506439578125 0.3805960390625 0.58296930625 0.36792754843750003 0.512315509375 0.3820757796875 0.46418454843749996 0.410187165625 0.438115278125 0.4469908359375 0.42274013750000006 0.5147261859375 0.4350482609375 0.5641059171875 0.484580921875 0.61288453125 0.5373232984375 0.6374818609374999 0.58845168125 0.6436311390625 0.6516393390624999 0.6354473265625
2 0.7841486953125 0.38484953593750004 0.799311540625 0.37555613593750004 0.8254869578124999 0.309531490625 0.8607425078125001 0.25599047812500003 0.874166934375 0.1963926140625 0.8595713796875 0.1817359125 0.8605998093749999 0.16305667968749998 0.79038888125 0.12139839687500001 0.7313332203125 0.1159426640625 0.6205818875 0.128287759375 0.5813004875 0.166247340625 0.5612077828125 0.210494953125 0.5529437859375 0.2377740390625 0.5618116234375 0.3086996203125 0.608240715625 0.352438546875 0.677759934375 0.3861905234375 0.7209610359374999 0.39303334843750004 0.7841486953125 0.38484953593750004
2 0.269014771875 0.12717859843749998 0.2573104890625 0.1760035359375 0.26456433125 0.22848106875 0.2858281640625 0.2584880203125 0.3531660953125 0.2977420515625 0.4073980453125 0.30893101875 0.470355134375 0.29811177187500004 0.5211285218749999 0.2697692015625 0.550301359375 0.238005221875 0.564186928125 0.18367823125 0.3008300359375 0.0951834359375 0.269014771875 0.12717859843749998
0 0.3779250390625 0.489435309375 0.413074440625 0.46511527187499996 0.4278822921875 0.42133002499999994 0.41087488125 0.4095399390625 0.41224003124999997 0.36427516875 0.4002869015625 0.34938728281250003 0.34857295625 0.3061107234375 0.2931881515625 0.2817445765625 0.224023928125 0.28248444687499996 0.177613109375 0.29982290625 0.143385990625 0.33468468906250004 0.118469575 0.3846655359375 0.13388126718749999 0.43908495781249995 0.2171981796875 0.5088083046875 0.27602326875 0.5116286015625 0.3779250390625 0.489435309375
2 0.2559270640625 0.160190921875 0.214907246875 0.14784604375 0.159185725 0.1500654359375 0.0588979484375 0.19070677656249999 0.01858811875 0.247345590625 0.0066532625 0.2935350921875 0.03619936875 0.3573403421875 0.0730871875 0.383324765625 0.11077286875 0.38799452031250004 0.137409425 0.327240746875 0.15693484062500002 0.30694323749999997 0.2490647671875 0.264360009375 0.2619219046875 0.22871225156250002 0.2559270640625 0.160190921875
2 1 0.7413347734375 0.9175325109375001 0.752931915625 0.8256331546875 0.798150578125 0.8138044499999999 0.8151191046875 0.8136983015625001 0.8443400796875 0.8354232749999999 0.879617903125 0.841063121875 0.9136473859375001 0.8836969343750001 0.9444403140625001 0.929771034375 0.9536873921875 0.9641225765625 0.9506820218750001 1 0.9341418812500001 1 0.7413347734375
2 0.30432864843749996 0.652555034375 0.35512031093749996 0.685289853125 0.4511699390625 0.6875090312500001 0.521929884375 0.644139825 0.4474625328125 0.5842646734375 0.420558853125 0.5202282390625 0.330042921875 0.58125951875 0.2809896765625 0.5988291625 0.30432864843749996 0.652555034375
2 0.8065688828124999 0.8237189578124999 0.794846325 0.811466509375 0.7494639359375 0.8101257390625 0.70707896875 0.8430456296875001 0.6989393921875 0.9021811281250001 0.709172378125 0.9278419375 0.7352599234375 0.952115653125 0.8058075718750001 0.9671883984375 0.8557831 0.9601604984375 0.8781815109375 0.9422672437499999 0.826467565625 0.8989906828124999 0.8065688828124999 0.8237189578124999
2 0.9224623703124999 0.7179777046875 0.8789062734374999 0.67664303125 0.8509741625 0.6312858296875 0.7197934078125 0.714464075 0.70899313125 0.71275336875 0.6997885765625 0.668413328125 0.688527159375 0.6614317484375001 0.6376476234374999 0.7189952921875 0.654318315625 0.7573709171874999 0.6773022921875 0.77660494375 0.7456686546875 0.7971797421875 0.8480315671875 0.7802573234375 0.9038592375000001 0.7488169546875 0.9224623703124999 0.7179777046875
2 0.7182159609375 0.8181707984375001 0.7302752390625 0.8038377078125001 0.6684527296875 0.766756746875 0.6427019046875 0.7158974921875 0.5866436640625 0.7447024250000001 0.6009025015625 0.7859446671875 0.6488211671874999 0.81627523125 0.7182159609375 0.8181707984375001
4 0.42993915625 0.383971559375 0.41857158906249997 0.4062109578125 0.45694898124999994 0.41878701874999996 0.49910337968749996 0.383231690625 0.42993915625 0.383971559375
1 0.81607010625 0.3236333984375 0.7942572593749999 0.37865393593749996 0.7840608234374999 0.4751478984375 0.8061590656250001 0.6059949546875 0.847746171875 0.5943897312499999 0.9051695640625 0.5203200265625 0.9648621109375 0.35044990625 0.9710326984375 0.2383745109375 0.9135727578124999 0.1902894453125 0.882324784375 0.1983345046875 0.81607010625 0.3236333984375
1 0.5158471703124999 0.665916859375 0.514730865625 0.7748944515625 0.5587298296875 0.7604226093750001 0.647064475 0.704893384375 0.6957627265624999 0.65283189375 0.697021728125 0.6367880984375 0.6846074578125 0.6166293421875 0.6122335171875 0.6415504984375 0.52744530625 0.646312896875 0.5158471703124999 0.665916859375
1 1 0.5415724328125 0.9796882390625001 0.36774204374999997 0.98277353125 0.311704346875 0.9743668375000001 0.2460496375 0.9492015765625 0.2323176625 0.9539556890625001 0.377960175 0.9152598515625 0.4530470375 0.8880560046875001 0.537750915625 0.8523393125000001 0.5860210578125 0.860621584375 0.6198193578125 0.8718830015625001 0.6268009359375 0.9442569421875 0.6018797796875 1 0.549946896875 1 0.5415724328125
1 0.40007110468749996 0.0121439421875 0.10124636875 0.0356321125 0.10286036406250001 0.054080162499999994 0.1800762890625 0.08450315625 0.319557590625 0.0962005953125 0.43009662656250003 0.1422974515625 0.56878006875 0.17530955937499998 0.579119203125 0.17174939375 0.5975979109375 0.10905373125 0.6120690453125001 0.0918540234375 0.527617553125 0.0700308828125 0.40007110468749996 0.0121439421875
1 0.538877 0 0.42649536875000005 0.00983211875 0.4360366421875 0.027586621875 0.53554483125 0.0693373359375 0.6920335453125 0.0928248609375 0.8107121562499999 0.07978621875 0.8362141359375 0.06693265312499999 0.8509158390625 0.0523683796875 0.839991140625 0.0188012625 0.8440373796875 0 0.538877 0