0 0.383597884375 0.47745358125 0.4074074078125 0.527851459375 0.44179894218750004 0.557029178125 0.5079365078125 0.5782493375 0.5582010578125 0.5702917765625 0.6111111109375 0.5251989390625 0.640211640625 0.4748010609375 0.6507936515625 0.4244031828125 0.6481481484375 0.36074270625 0.5978835984375 0.24668435 0.5714285718750001 0.2148541109375 0.5370370375 0.2122015921875 0.4894179890625 0.2148541109375 0.447089946875 0.24668435 0.39417989375 0.339522546875 0.375661375 0.40583554375 0.383597884375 0.47745358125
2 0.140211640625 0.34748010625000003 0.174603175 0.389920425 0.21693121718750003 0.413793103125 0.24338624375 0.4244031828125 0.3148148140625 0.42175066250000004 0.3624338625 0.3793103453125 0.40211640156249995 0.31299734687499997 0.4126984125 0.2705570296875 0.41005290937499994 0.2068965515625 0.40211640156249995 0.1909814328125 0.3386243390625 0.15915119375 0.2883597890625 0.1193633953125 0.2301587296875 0.10079575625 0.2142857140625 0.1140583546875 0.1957671953125 0.1114058359375 0.1481481484375 0.1777188328125 0.1375661375 0.2360742703125 0.140211640625 0.34748010625000003
2 0.240740740625 0.6923076921875 0.28571428593750003 0.628647215625 0.3015873015625 0.5755968171875 0.296296296875 0.5119363390625 0.27248677187500003 0.4588859421875 0.24338624375 0.427055703125 0.190476190625 0.40848806406250004 0.07936507968749999 0.6631299734375 0.1084656078125 0.6976127328125 0.15608465625 0.7135278515625 0.20899470937500003 0.71087533125 0.240740740625 0.6923076921875
0 0.26455026406250004 0.687002653125 0.259259259375 0.7559681703125001 0.27248677187500003 0.8037135281250001 0.30423280468749997 0.84084880625 0.3518518515625 0.8700265249999999 0.4074074078125 0.8594164453124999 0.484126984375 0.78249336875 0.4920634921875 0.72413793125 0.47883597812499995 0.6206896546875 0.45767195781250003 0.5835543765625 0.415343915625 0.5649867375000001 0.40211640156249995 0.58090185625 0.3571428578125 0.5755968171875 0.341269840625 0.586206896875 0.29365079375 0.6339522546875 0.26455026406250004 0.687002653125
2 0.2513227515625 0.9734748015625 0.3174603171875 0.949602121875 0.346560846875 0.9151193640624999 0.3544973546875 0.877984084375 0.296296296875 0.846153846875 0.27777777812500004 0.8249336875 0.24338624375 0.7294429703125 0.20899470937500003 0.7135278515625 0.140211640625 0.7135278515625 0.124338625 0.75331565 0.121693121875 0.8090185671875 0.153439153125 0.9124668437500001 0.20634920625 0.95755968125 0.2513227515625 0.9734748015625
2 0.9417989421874999 0.19628647187499998 0.9761904765624999 0.15649867343749999 0.9894179890625001 0.1114058359375 0.9894179890625001 0.0769230765625 0.965608465625 0.0106100796875 0.7830687828125 0.0053050390625 0.7883597890625 0.10610079531250001 0.825396825 0.2015915125 0.841269840625 0.2148541109375 0.8703703703125001 0.21750663124999997 0.9074074078125 0.1989389921875 0.9417989421874999 0.19628647187499998
2 0.634920634375 0.7082228109375001 0.671957671875 0.6604774531250001 0.6825396828125 0.5649867375000001 0.6455026453125 0.49071617968750003 0.5793650796875001 0.559681696875 0.5132275125 0.58090185625 0.566137565625 0.6763925734375 0.5793650796875001 0.7267904515625 0.634920634375 0.7082228109375001
2 0.859788359375 0.3236074265625 0.9179894187500001 0.3368700265625 0.9444444437499999 0.3289124671875 0.9708994703125 0.3050397875 0.9920634921874999 0.2360742703125 0.9894179890625001 0.1856763921875 0.9735449734375001 0.1618037140625 0.9259259265625 0.209549071875 0.8492063484375001 0.2228116703125 0.8359788359375001 0.23342174999999998 0.83068783125 0.2785145890625 0.859788359375 0.3236074265625
2 0.6851851859375 0.3156498671875 0.6772486765625 0.326259946875 0.7301587296875 0.3819628640625 0.7698412703125 0.36870026562499997 0.791005290625 0.34748010625000003 0.8174603171875001 0.281167109375 0.809523809375 0.1777188328125 0.7830687828125 0.1193633953125 0.7539682546875001 0.09814323593749999 0.708994709375 0.137931034375 0.6613756609375 0.1618037140625 0.7328042328125 0.29973474843750003 0.7301587296875 0.31034482812499997 0.6851851859375 0.3156498671875
2 0.828042328125 0.3793103453125 0.8359788359375001 0.31034482812499997 0.8227513234374999 0.29708222812499996 0.7804232796874999 0.355437665625 0.7275132281250001 0.376657825 0.7513227515625001 0.43501326249999994 0.79365079375 0.4244031828125 0.828042328125 0.3793103453125
4 0.37830687812499997 0.559681696875 0.39947089999999996 0.572944296875 0.415343915625 0.53580901875 0.383597884375 0.49071617968750003 0.37830687812499997 0.559681696875
1 0.5 0.2148541109375 0.6322751328125 0.20424403125 0.624338625 0.1618037140625 0.5555555562500001 0.09814323593749999 0.39153439218749997 0.023872679687500002 0.2804232796875 0.007957559375000001 0.227513228125 0.0610079578125 0.2328042328125 0.092838196875 0.3518518515625 0.1697612734375 0.4047619046875 0.19628647187499998 0.5 0.2148541109375
1 0.775132275 0.5092838203125 0.7645502640624999 0.46419098124999997 0.7169312171875 0.371352784375 0.66931216875 0.3183023875 0.653439153125 0.3156498671875 0.6322751328125 0.326259946875 0.6507936515625 0.40053050468749996 0.6481481484375 0.485411140625 0.6666666671875 0.498673740625 0.775132275 0.5092838203125
1 0.5714285718750001 0.11671087499999999 0.6164021156249999 0.15649867343749999 0.6507936515625 0.151193634375 0.658730159375 0.1405835546875 0.640211640625 0.066312996875 0.5925925921874999 0.0053050390625 0.41005290937499994 0.0106100796875 0.3544973546875 0.0026525203125 0.2883597890625 0.0053050390625 0.27248677187500003 0.029177718749999998 0.41798941875000006 0.037135278125 0.4894179890625 0.0822281171875 0.5714285718750001 0.11671087499999999
1 0.0582010578125 0.78249336875 0.08201058125 0.644562334375 0.1375661375 0.5384615390625 0.1825396828125 0.40318302343749995 0.17989417968750002 0.39257294374999996 0.11904761875 0.36870026562499997 0.103174603125 0.3527851453125 0.0740740734375 0.43501326249999994 0.0052910046875 0.557029178125 0.002645503125 0.8567639249999999 0.021164021875 0.8567639249999999 0.0582010578125 0.78249336875
1 0.1111111109375 0.2732095484375 0.1084656078125 0.153846153125 0.0978835984375 0.1273209546875 0.084656084375 0.1114058359375 0.05026455 0.1193633953125 0.015873015625 0.10875331562499999 0.0052910046875 0.11671087499999999 0.0052910046875 0.5305039781249999 0.0238095234375 0.52254641875 0.0740740734375 0.427055703125 0.1111111109375 0.2732095484375